0.857856035233 46
0.961145162582 45
1.06464910507 44
1.16805005074 42
1.27115702629 39
1.37424397469 36
1.47705006599 32
1.57968711853 29
1.68196415901 25
1.78429317474 22
11.7097001076 224
12.1227891445 213
12.343845129 209
12.885518074 195
12.9972991943 190
13.1089570522 187
13.2201881409 182
13.3313910961 178
13.6527121067 154
13.7624440193 150
13.8725831509 162
14.0874330997 157
14.1972370148 154
14.306677103 150
14.4156031609 136
14.5241501331 136
14.6327681541 133
14.741631031 139
14.8503470421 136
14.9584321976 126
15.067013979 133
15.1751379967 125
15.2857961655 171
15.3938760757 126
15.5011000633 108
15.6109571457 158
15.7188870907 122
15.8280060291 144
15.9347560406 101
16.0438351631 141
16.1524610519 136
16.260874033 132
16.3690330982 127
16.4773321152 128
16.5842700005 105
16.6921141148 121
16.7996480465 117
16.907171011 114
17.0146751404 113
17.1217191219 107
17.2283551693 104
17.3352091312 102
17.4419291019 100
17.5486831665 99
17.654831171 95
17.7610750198 91
17.8670420647 87
17.9729449749 84
18.0783660412 79
18.1837999821 77
18.2889261246 73
18.393969059 72
18.4989562035 68
18.6033821106 64
18.7078261375 61
18.8120892048 58
18.9165110588 55
19.0202469826 52
19.1240341663 50
19.22747612 45
19.3310210705 43
19.4343299866 44
19.5374591351 36
19.6401159763 32
19.7427000999 28
19.8450450897 25
19.9471230507 23
30.3897790909 255
30.504611969 248
30.6196460724 246
30.7347071171 246
30.8491921425 238
30.9632291794 235
31.0775220394 233
31.191712141 230
31.3053159714 223
31.4187510014 221
31.5321450233 218
31.6452729702 214
31.758161068 209
31.8708691597 206
31.9832401276 200
32.0950551033 194
32.207198143 193
32.3187270164 187
32.4301831722 183
32.5415551662 180
32.6522321701 174
32.7630131245 171
32.8734400272 165
32.9836239815 162
33.0936641693 159
33.2033281326 156
33.3131980896 153
33.4226570129 147
33.5318591595 144
33.6409051418 142
33.7495400906 134
33.8581581116 136
33.9666130543 131
34.0748081207 126
34.1827449799 122
34.2903749943 118
34.3978459835 115
34.5053431988 113
34.6125910282 111
34.7196941376 106
34.8265380859 102
34.9330141544 101
35.0393311977 95
35.1458930969 94
35.2520489693 89
35.3579010963 86
35.463572979 80
35.5687561035 78
35.6740980148 75
35.7792081833 70
35.8839700222 67
35.9886100292 64
36.0930130482 60
36.1973001957 58
36.301388979 54
36.4053401947 51
36.5088710785 47
36.6124901772 44
36.715610981 40
36.8189661503 37
36.9218630791 34
37.024533987 30
37.1270461082 26
37.2291600704 23
47.3235530853 255
47.7867641449 247
47.9020400047 254
48.0161349773 231
48.1301121712 229
48.2440459728 226
48.3575630188 220
48.4708690643 219
48.5809221268 164
48.6912829876 159
48.8012361526 159
48.9109711647 155
49.0204670429 150
49.1296591759 147
49.2416241169 191
49.3530499935 187
49.4642500877 182
49.575466156 178
49.6863071918 175
49.7969081402 169
49.9072451591 168
50.0150101185 118
50.1250090599 162
50.2321400642 111
50.3395111561 109
50.4479620457 135
50.5563700199 131
50.6648061275 127
50.7738621235 142
50.8816080093 122
50.9902031422 131
51.0966610909 94
51.204223156 118
51.3113191128 107
51.4189682007 118
51.526512146 118
51.6340441704 114
51.7411110401 107
51.8480000496 106
51.9548699856 102
52.0614540577 98
52.1685011387 107
52.2752301693 104
52.3815350533 91
52.4872660637 86
52.5929121971 80
52.6985661983 81
52.804459095 87
52.9101719856 83
53.0152189732 73
53.120757103 78
53.22590518 74
53.33071208 70
53.4356431961 66
53.5399940014 61
53.6440141201 57
53.7481851578 56
53.8524091244 54
53.9562051296 50
54.0600440502 47
54.1634640694 45
54.2668590546 44
54.3701779842 40
54.4729151726 34
54.5757861137 33
54.6783239841 30
54.7808630466 26
54.8832011223 23
